1 0
3 3
1
39
10 8
59 8
60 8
61 8
62 8
63 8
64 8
65 8
66 8
67 8
68 8
59 9
60 9
61 9
62 9
63 9
64 9
65 9
66 9
67 9
68 9
69 9
70 9
71 9
72 9
59 10
60 10
61 10
62 10
63 10
64 10
65 10
66 10
67 10
68 10
69 10
70 10
71 10
72 10
73 10
1 40
1
51
119 15
70 15
69 15
68 15
67 15
66 15
65 15
64 15
63 15
62 15
61 15
60 15
59 15
58 15
57 15
56 15
55 15
54 15
70 16
69 16
68 16
67 16
66 16
65 16
64 16
63 16
62 16
61 16
60 16
59 16
58 16
57 16
56 16
55 16
54 16
70 17
69 17
68 17
67 17
66 17
65 17
64 17
63 17
62 17
61 17
60 17
59 17
58 17
57 17
56 17
55 17
54 17
-1 30
1
24
10 22
60 22
61 22
62 22
63 22
64 22
65 22
66 22
67 22
68 22
60 23
61 23
62 23
63 23
64 23
65 23
66 23
67 23
60 24
61 24
62 24
63 24
64 24
65 24
66 24
1 30
24
45 29
46 29
47 29
48 29
49 29
50 29
51 29
52 29
45 30
46 30
47 30
48 30
49 30
50 30
51 30
52 30
45 31
46 31
47 31
48 31
49 31
50 31
51 31
52 31
