1 100
2 3
1
39
10 8
43 8
44 8
45 8
46 8
47 8
48 8
49 8
50 8
51 8
52 8
43 9
44 9
45 9
46 9
47 9
48 9
49 9
50 9
51 9
52 9
53 9
54 9
55 9
56 9
43 10
44 10
45 10
46 10
47 10
48 10
49 10
50 10
51 10
52 10
53 10
54 10
55 10
56 10
57 10
1 40
1
51
119 15
84 15
83 15
82 15
81 15
80 15
79 15
78 15
77 15
76 15
75 15
74 15
73 15
72 15
71 15
70 15
69 15
68 15
84 16
83 16
82 16
81 16
80 16
79 16
78 16
77 16
76 16
75 16
74 16
73 16
72 16
71 16
70 16
69 16
68 16
84 17
83 17
82 17
81 17
80 17
79 17
78 17
77 17
76 17
75 17
74 17
73 17
72 17
71 17
70 17
69 17
68 17
-1 30
1
24
10 22
40 22
41 22
42 22
43 22
44 22
45 22
46 22
47 22
48 22
40 23
41 23
42 23
43 23
44 23
45 23
46 23
47 23
40 24
41 24
42 24
43 24
44 24
45 24
46 24
1 30
24
39 17
40 17
41 17
42 17
43 17
44 17
45 17
46 17
39 18
40 18
41 18
42 18
43 18
44 18
45 18
46 18
39 19
40 19
41 19
42 19
43 19
44 19
45 19
46 19
